!Grade	Length	Value	Min.mult.	Max.mult.	BoxAlignm.	Box	BoxType	Remarks	Nominal	Actual	Code	Size	x	Size1	Length	Angle	Mat	Grade	No.
38x89	5227	2732	1	1	0	0	0	mS103TP	1	0	TP	89	x	38	5227	35			1
38x89	4800	2304	1	1	0	0	0	I106B2	1	0	BP	89	x	38	4800	0			1
38x89	4800	2304	1	1	0	0	0	I202B2	1	0	BP	89	x	38	4800	0			1
38x89	4800	2304	1	1	0	0	0	Q107B2	1	0	BP	89	x	38	4800	0			1
38x89	4800	2304	1	1	0	0	0	Q107T2	1	0	TP	89	x	38	4800	0			1
38x89	4800	2304	1	1	0	0	0	Q202B2	1	0	BP	89	x	38	4800	0			1
38x89	4800	2304	1	1	0	0	0	Q202T2	1	0	TP	89	x	38	4800	0			1
38x89	4760	2266	1	1	0	0	0	I105H1	1	0	TP	89	x	38	4760	0			1
38x89	4676	2186	1	1	0	0	0	Q202H2	1	0	TP	89	x	38	4676	0			1
38x89	4671	2182	1	1	0	0	0	I105B1	1	0	BP	89	x	38	4671	0			1
38x89	4671	2182	1	1	0	0	0	I105T1	1	0	TP	89	x	38	4671	0			1
38x89	4665	2176	1	1	0	0	0	Q107H2	1	0	TP	89	x	38	4665	0			1
38x89	4652	2164	1	1	0	0	0	I201B3	1	0	BP	89	x	38	4652	0			1
38x89	4384	1922	1	1	0	0	0	I202B3	1	0	BP	89	x	38	4384	0			1
38x89	4361	1902	1	1	0	0	0	I201T3	1	0	TP	89	x	38	4361	0			1
38x89	4328	1873	1	1	0	0	0	I202T2	1	0	TP	89	x	38	4328	0			1
38x89	4317	1864	1	1	0	0	0	I106T1	1	0	TP	89	x	38	4317	0			1
38x89	4255	1811	1	1	0	0	0	mS103BP	1	0	BP	89	x	38	4255	0			1
38x89	4001	1601	1	1	0	0	0	I106H2	1	0	TP	89	x	38	4001	0			1
38x89	3619	1310	1	1	0	0	0	I201T1	1	0	TP	89	x	38	3619	0			1
38x89	3445	1187	1	1	0	0	0	mS103BP	1	0	BP	89	x	38	3445	0			1
38x89	3440	1183	1	1	0	0	0	I201B2	1	0	BP	89	x	38	3440	0			1
38x89	3344	1118	1	1	0	0	0	I202T1	1	0	TP	89	x	38	3344	0			1
38x89	3330	1109	1	1	0	0	0	I201T2	1	0	TP	89	x	38	3330	0			1
38x89	3243	1052	1	1	0	0	0	mS103TP	1	0	TP	89	x	38	3243	0			1
38x89	3219	1036	1	1	0	0	0	I201B1	1	0	BP	89	x	38	3219	0			1
38x89	2991	895	1	1	0	0	0	mG107BP	1	0	BP	89	x	38	2991	0			1
38x89	2978	887	1	1	0	0	0	mG108BP	1	0	BP	89	x	38	2978	0			1
38x89	2878	828	1	1	0	0	0	mG108BP	1	0	BP	89	x	38	2878	0			1
38x89	2873	825	1	1	0	0	0	mG107BP	1	0	BP	89	x	38	2873	0			1
38x89	2864	820	1	1	0	0	0	mS103S35	2	0	S	89	x	38	2864	35			2
38x89	2742	752	1	1	0	0	0	mS103S35	1	0	S	89	x	38	2742	35			1
38x89	2738	750	1	1	0	0	0	Q202H1	1	0	TP	89	x	38	2738	0			1
38x89	2733	747	1	1	0	0	0	mS103S35	1	0	S	89	x	38	2733	35			1
38x89	2654	704	1	1	0	0	0	Q107H1	1	0	TP	89	x	38	2654	0			1
38x89	2461	606	1	1	0	0	0	mS103S35	1	0	S	89	x	38	2461	35			1
38x89	2453	602	1	1	0	0	0	mS103S35	1	0	S	89	x	38	2453	35			1
38x89	2390	571	1	1	0	0	0	mG107BP	1	0	BP	89	x	38	2390	0			1
38x89	2384	568	1	1	0	0	0	mG108BP	1	0	BP	89	x	38	2384	0			1
38x89	2284	522	1	1	0	0	0	mG108BP	1	0	BP	89	x	38	2284	0			1
38x89	2272	516	1	1	0	0	0	mG107BP	1	0	BP	89	x	38	2272	0			1
38x89	2203	485	1	1	0	0	0	I106T2	1	0	TP	89	x	38	2203	0			1
38x89	2181	476	1	1	0	0	0	mS103S35	1	0	S	89	x	38	2181	35			1
38x89	2173	472	1	1	0	0	0	mS103S35	1	0	S	89	x	38	2173	35			1
38x89	2148	461	1	1	0	0	0	mG103BP	2	0	BP	89	x	38	2148	0			2
38x89	2148	461	1	1	0	0	0	mG104BP	2	0	BP	89	x	38	2148	0			2
38x89	2148	461	1	1	0	0	0	I202T3	1	0	TP	89	x	38	2148	0			1
38x89	2123	451	1	1	0	0	0	I105C	2	0	C	89	x	38	2123	0			2
38x89	2123	451	1	1	0	0	0	I106C	4	0	C	89	x	38	2123	0			4
38x89	2062	425	1	1	0	0	0	I104C	1	0	C	89	x	38	2062	41			1
38x89	1997	399	1	1	0	0	0	I104B1	1	0	BP	89	x	38	1997	0			1
38x89	1985	394	1	1	0	0	0	mS103TP	1	0	TP	89	x	38	1985	35			1
38x89	1970	388	1	1	0	0	0	_	4	0	S	89	x	38	1970	0			4
38x89	1933	374	1	1	0	0	0	_	1	0	S	89	x	38	1933	41			1
38x89	1928	372	1	1	0	0	0	mS103S35	1	0	S	89	x	38	1928	35			1
38x89	1901	361	1	1	0	0	0	mS103S35	1	0	S	89	x	38	1901	35			1
38x89	1893	358	1	1	0	0	0	mS103S35	1	0	S	89	x	38	1893	35			1
38x89	1874	351	1	1	0	0	0	Q202B1	1	0	BP	89	x	38	1874	0			1
38x89	1827	334	1	1	0	0	0	Q107T3	1	0	TP	89	x	38	1827	0			1
38x89	1796	323	1	1	0	0	0	I104TP	1	0	TP	89	x	38	1796	41			1
38x89	1720	296	1	1	0	0	0	I106B1	1	0	BP	89	x	38	1720	0			1
38x89	1700	289	1	1	0	0	0	I106T	1	0	T	89	x	38	1700	0			1
38x89	1661	276	1	1	0	0	0	mG101TP	2	0	TP	89	x	38	1661	0			2
38x89	1661	276	1	1	0	0	0	mG102TP	2	0	TP	89	x	38	1661	0			2
38x89	1621	263	1	1	0	0	0	mS103S35	1	0	S	89	x	38	1621	35			1
38x89	1612	260	1	1	0	0	0	mS103S35	1	0	S	89	x	38	1612	35			1
38x89	1583	251	1	1	0	0	0	_	1	0	S	89	x	38	1583	41			1
38x89	1500	225	1	1	0	0	0	Q107B1	1	0	BP	89	x	38	1500	0			1
38x89	1487	221	1	1	0	0	0	mS103S35	1	0	S	89	x	38	1487	35			1
38x89	1460	213	1	1	0	0	0	mS103S35	1	0	S	89	x	38	1460	35			1
38x89	1450	210	1	1	0	0	0	Q202T1	1	0	TP	89	x	38	1450	0			1
38x89	1450	210	1	1	0	0	0	Q202T3	1	0	TP	89	x	38	1450	0			1
38x89	1400	196	1	1	0	0	0	Q107B3	1	0	BP	89	x	38	1400	0			1
38x89	1341	180	1	1	0	0	0	mS103S35	1	0	S	89	x	38	1341	35			1
38x89	1332	177	1	1	0	0	0	mS103S35	1	0	S	89	x	38	1332	35			1
38x89	1291	167	1	1	0	0	0	_	1	0	S	89	x	38	1291	0			1
38x89	1213	147	1	1	0	0	0	_	1	0	S	89	x	38	1213	41			1
38x89	1190	142	1	1	0	0	0	I106H4	1	0	TP	89	x	38	1190	0			1
38x89	1166	136	1	1	0	0	0	mN117S	4	0	S	89	x	38	1166	0			4
38x89	1100	121	1	1	0	0	0	mG105TP	2	0	TP	89	x	38	1100	0			2
38x89	1100	121	1	1	0	0	0	mG106TP	2	0	TP	89	x	38	1100	0			2
38x89	1073	115	1	1	0	0	0	Q107T1	1	0	TP	89	x	38	1073	0			1
38x89	1072	115	1	1	0	0	0	I106H1	1	0	TP	89	x	38	1072	0			1
38x89	1061	113	1	1	0	0	0	mS103S35	1	0	S	89	x	38	1061	35			1
38x89	1052	111	1	1	0	0	0	mS103S35	1	0	S	89	x	38	1052	35			1
38x89	1026	105	1	1	0	0	0	Q202B3	1	0	BP	89	x	38	1026	0			1
38x89	1000	100	1	1	0	0	0	I203B1	1	0	BP	89	x	38	1000	0			1
38x89	1000	100	1	1	0	0	0	I203T1	1	0	TP	89	x	38	1000	0			1
38x89	961	92	1	1	0	0	0	mN117BP	1	0	BP	89	x	38	961	0			1
38x89	961	92	1	1	0	0	0	mN117TP	1	0	TP	89	x	38	961	0			1
38x89	951	90	1	1	0	0	0	I104T	1	0	T	89	x	38	951	0			1
38x89	900	81	1	1	0	0	0	I105T	1	0	T	89	x	38	900	0			1
38x89	900	81	1	1	0	0	0	I106T	1	0	T	89	x	38	900	0			1
38x89	874	76	1	1	0	0	0	mG103S	6	0	S	89	x	38	874	0			6
38x89	874	76	1	1	0	0	0	mG104S	6	0	S	89	x	38	874	0			6
38x89	857	73	1	1	0	0	0	mG107S	11	0	S	89	x	38	857	0			11
38x89	857	73	1	1	0	0	0	mG108S	11	0	S	89	x	38	857	0			11
38x89	853	73	1	1	0	0	0	mG105S	2	0	S	89	x	38	853	0			2
38x89	853	73	1	1	0	0	0	mG106S	2	0	S	89	x	38	853	0			2
38x89	850	72	1	1	0	0	0	I201T	2	0	T	89	x	38	850	0			2
38x89	850	72	1	1	0	0	0	I202T	2	0	T	89	x	38	850	0			2
38x89	804	65	1	1	0	0	0	mG101S	5	0	S	89	x	38	804	0			5
38x89	804	65	1	1	0	0	0	mG102S	5	0	S	89	x	38	804	0			5
38x89	781	61	1	1	0	0	0	mS103S35	1	0	S	89	x	38	781	35			1
38x89	772	60	1	1	0	0	0	mS103S35	1	0	S	89	x	38	772	35			1
38x89	750	56	1	1	0	0	0	I201T	1	0	T	89	x	38	750	0			1
38x89	750	56	1	1	0	0	0	I202T	1	0	T	89	x	38	750	0			1
38x89	670	45	1	1	0	0	0	I104T1	1	0	TP	89	x	38	670	0			1
38x89	635	40	1	1	0	0	0	I202B1	1	0	BP	89	x	38	635	0			1
38x89	562	32	1	1	0	0	0	mG103LDD	1	0	LDD	89	x	38	562	0			1
38x89	562	32	1	1	0	0	0	mG104LDD	1	0	LDD	89	x	38	562	0			1
38x89	562	32	1	1	0	0	0	mG105LDD	1	0	LDD	89	x	38	562	0			1
38x89	562	32	1	1	0	0	0	mG106LDD	1	0	LDD	89	x	38	562	0			1
38x89	562	32	1	1	0	0	0	mG107LDD	6	0	LDD	89	x	38	562	0			6
38x89	562	32	1	1	0	0	0	mG108LDD	6	0	LDD	89	x	38	562	0			6
38x89	524	27	1	1	0	0	0	mG107LDD	1	0	LDD	89	x	38	524	0			1
38x89	524	27	1	1	0	0	0	mG108LDD	1	0	LDD	89	x	38	524	0			1
38x89	510	26	1	1	0	0	0	mG101LDD	1	0	LDD	89	x	38	510	0			1
38x89	510	26	1	1	0	0	0	mG102LDD	1	0	LDD	89	x	38	510	0			1
38x89	501	25	1	1	0	0	0	mS103S35	1	0	S	89	x	38	501	35			1
38x89	492	24	1	1	0	0	0	mS103S35	1	0	S	89	x	38	492	35			1
38x89	385	15	1	1	0	0	0	_	2	0	D	89	x	38	385	0			2
38x89	383	15	1	1	0	0	0	mG103LDD	1	0	LDD	89	x	38	383	0			1
38x89	383	15	1	1	0	0	0	mG104LDD	1	0	LDD	89	x	38	383	0			1
38x89	367	13	1	1	0	0	0	_	1	0	D	89	x	38	367	0			1
38x89	367	13	1	1	0	0	0	_	1	0	D	89	x	38	358	0			1
38x89	367	12	1	1	0	0	0	_	1	0	D	89	x	38	346	0			1
38x89	367	10	1	1	0	0	0	_	1	0	D	89	x	38	316	0			1
38x89	367	9	1	1	0	0	0	_	1	0	D	89	x	38	308	0			1
38x89	367	9	1	1	0	0	0	_	1	0	D	89	x	38	297	0			1
38x89	367	9	1	1	0	0	0	_	1	0	D	89	x	38	295	0			1
38x89	367	8	1	1	0	0	0	_	1	0	D	89	x	38	287	0			1
38x89	286	8	1	1	0	0	0	mG103LDD	1	0	LDD	89	x	38	286	0			1
38x89	286	8	1	1	0	0	0	mG104LDD	1	0	LDD	89	x	38	286	0			1
38x89	284	8	1	1	0	0	0	I201J	10	0	J	89	x	38	284	0			10
38x89	284	8	1	1	0	0	0	I202J	10	0	J	89	x	38	284	0			10
38x89	268	7	1	1	0	0	0	_	1	0	D	89	x	38	268	0			1
38x89	266	7	1	1	0	0	0	mG107LDD	1	0	LDD	89	x	38	266	0			1
38x89	266	7	1	1	0	0	0	mG108LDD	1	0	LDD	89	x	38	266	0			1
38x89	266	7	1	1	0	0	0	_	1	0	D	89	x	38	266	0			1
38x89	266	7	1	1	0	0	0	_	1	0	D	89	x	38	266	0			1
38x89	260	7	1	1	0	0	0	_	1	0	D	89	x	38	260	0			1
38x89	258	7	1	1	0	0	0	_	1	0	D	89	x	38	258	0			1
38x89	254	6	1	1	0	0	0	mG101LDD	1	0	LDD	89	x	38	254	0			1
38x89	254	6	1	1	0	0	0	mG102LDD	1	0	LDD	89	x	38	254	0			1
38x89	254	6	1	1	0	0	0	I104J	3	0	J	89	x	38	254	0			3
38x89	246	6	1	1	0	0	0	_	1	0	D	89	x	38	246	0			1
38x89	241	6	1	1	0	0	0	I104J	1	0	J	89	x	38	241	41			1
38x89	232	5	1	1	0	0	0	mG101LDD	1	0	LDD	89	x	38	232	0			1
38x89	232	5	1	1	0	0	0	mG102LDD	1	0	LDD	89	x	38	232	0			1
38x89	220	5	1	1	0	0	0	mG107LDD	1	0	LDD	89	x	38	220	0			1
38x89	220	5	1	1	0	0	0	mG108LDD	1	0	LDD	89	x	38	220	0			1
38x89	213	5	1	1	0	0	0	_	1	0	D	89	x	38	213	0			1
38x89	210	4	1	1	0	0	0	mG105LDD	1	0	LDD	89	x	38	210	0			1
38x89	210	4	1	1	0	0	0	mG106LDD	1	0	LDD	89	x	38	210	0			1
38x89	200	4	1	1	0	0	0	mG101LDD	1	0	LDD	89	x	38	200	0			1
38x89	200	4	1	1	0	0	0	mG102LDD	1	0	LDD	89	x	38	200	0			1
38x89	200	4	1	1	0	0	0	mG103LDD	2	0	LDD	89	x	38	200	0			2
38x89	200	4	1	1	0	0	0	mG104LDD	2	0	LDD	89	x	38	200	0			2
38x89	200	4	1	1	0	0	0	mG107LDD	1	0	LDD	89	x	38	200	0			1
38x89	200	4	1	1	0	0	0	mG108LDD	1	0	LDD	89	x	38	200	0			1
38x89	195	4	1	1	0	0	0	mS103S35	2	0	S	89	x	38	195	35			2
38x89	190	4	1	1	0	0	0	_	1	0	D	89	x	38	190	0			1
38x89	190	3	1	1	0	0	0	_	1	0	D	89	x	38	183	0			1
38x89	190	3	1	1	0	0	0	_	1	0	D	89	x	38	178	0			1
38x89	190	3	1	1	0	0	0	_	1	0	D	89	x	38	178	0			1
38x89	190	3	1	1	0	0	0	_	1	0	D	89	x	38	168	0			1
38x89	149	2	1	1	0	0	0	mS103S	1	0	S	89	x	38	149	0			1
38x89	137	2	1	1	0	0	0	mS103S	1	0	S	89	x	38	137	0			1
38x89	129	2	1	1	0	0	0	I106H3	1	0	TP	89	x	38	129	0			1
38x89	109	1	1	1	0	0	0	_	1	0	D	89	x	38	109	0			1
38x89	99	1	1	1	0	0	0	_	2	0	D	89	x	38	99	0			2
38x89	99	1	1	1	0	0	0	_	2	0	D	89	x	38	99	0			2
38x89	85	1	1	1	0	0	0	_	1	0	D	89	x	38	85	0			1
38x89	78	1	1	1	0	0	0	_	1	0	D	89	x	38	78	0			1
38x89	72	1	1	1	0	0	0	_	1	0	D	89	x	38	72	0			1
